mdb001.pgm 535 425 197
mdb002.pgm 522 280 69
mdb003.pgm 512 512 125
mdb004.pgm 512 512 125
mdb005.pgm 477 133 30
mdb005.pgm 500 168 26
mdb006.pgm 512 512 125
mdb007.pgm 512 512 125
mdb008.pgm 512 512 125
mdb009.pgm 512 512 125
mdb010.pgm 525 425 33
mdb011.pgm 512 512 125
mdb012.pgm 471 458 40
mdb013.pgm 667 365 31
mdb014.pgm 512 512 125
mdb015.pgm 595 864 68
mdb016.pgm 512 512 125
mdb017.pgm 547 573 48
mdb018.pgm 512 512 125
mdb019.pgm 653 477 49
mdb020.pgm 512 512 125
mdb021.pgm 493 125 49
mdb022.pgm 512 512 125
mdb023.pgm 538 681 29
mdb024.pgm 512 512 125
mdb025.pgm 674 443 79
mdb026.pgm 512 512 125
mdb027.pgm 512 512 125
mdb028.pgm 338 314 56
mdb029.pgm 512 512 125
mdb030.pgm 322 676 43
mdb031.pgm 512 512 125
mdb032.pgm 388 742 66
mdb033.pgm 512 512 125
mdb034.pgm 512 512 125
mdb035.pgm 512 512 125
mdb036.pgm 512 512 125
mdb037.pgm 512 512 125
mdb038.pgm 512 512 125
mdb039.pgm 512 512 125
mdb040.pgm 512 512 125
mdb041.pgm 512 512 125
mdb042.pgm 512 512 125
mdb043.pgm 512 512 125
mdb044.pgm 512 512 125
mdb045.pgm 512 512 125
mdb046.pgm 512 512 125
mdb047.pgm 512 512 125
mdb048.pgm 512 512 125
mdb049.pgm 512 512 125
mdb050.pgm 512 512 125
mdb051.pgm 512 512 125
mdb052.pgm 512 512 125
mdb053.pgm 512 512 125
mdb054.pgm 512 512 125
mdb055.pgm 512 512 125
mdb056.pgm 512 512 125
mdb057.pgm 512 512 125
mdb058.pgm 318 359 27
mdb059.pgm 512 512 125
mdb060.pgm 512 512 125
mdb061.pgm 512 512 125
mdb062.pgm 512 512 125
mdb063.pgm 546 463 33
mdb064.pgm 512 512 125
mdb065.pgm 512 512 125
mdb066.pgm 512 512 125
mdb067.pgm 512 512 125
mdb068.pgm 512 512 125
mdb069.pgm 462 406 44
mdb070.pgm 512 512 125
mdb071.pgm 512 512 125
mdb072.pgm 266 517 28
mdb073.pgm 512 512 125
mdb074.pgm 512 512 125
mdb075.pgm 468 717 23
mdb076.pgm 512 512 125
mdb077.pgm 512 512 125
mdb078.pgm 512 512 125
mdb079.pgm 512 512 125
mdb080.pgm 432 149 20
mdb081.pgm 492 473 131
mdb082.pgm 512 512 125
mdb083.pgm 544 194 38
mdb084.pgm 512 512 125
mdb085.pgm 512 512 125
mdb086.pgm 512 512 125
mdb087.pgm 512 512 125
mdb088.pgm 512 512 125
mdb089.pgm 512 512 125
mdb090.pgm 510 547 49
mdb091.pgm 680 494 20
mdb092.pgm 423 662 43
mdb093.pgm 512 512 125
mdb094.pgm 512 512 125
mdb095.pgm 466 517 29
mdb096.pgm 512 512 125
mdb097.pgm 612 297 34
mdb098.pgm 512 512 125
mdb099.pgm 714 340 23
mdb100.pgm 512 512 125
mdb101.pgm 512 512 125
mdb102.pgm 415 460 38
mdb103.pgm 512 512 125
mdb104.pgm 357 365 50
mdb105.pgm 516 279 98
mdb106.pgm 512 512 125
mdb107.pgm 600 621 111
mdb108.pgm 512 512 125
mdb109.pgm 512 512 125
mdb110.pgm 190 427 51
mdb111.pgm 505 575 107
mdb112.pgm 512 512 125
mdb113.pgm 512 512 125
mdb114.pgm 512 512 125
mdb115.pgm 461 532 117
mdb116.pgm 512 512 125
mdb117.pgm 480 576 84
mdb118.pgm 512 512 125
mdb119.pgm 512 512 125
mdb120.pgm 423 262 79
mdb121.pgm 492 434 87
mdb122.pgm 512 512 125
mdb123.pgm 512 512 125
mdb124.pgm 366 620 33
mdb125.pgm 700 552 60
mdb126.pgm 191 549 23
mdb127.pgm 523 551 48
mdb128.pgm 512 512 125
mdb129.pgm 512 512 125
mdb130.pgm 220 552 28
mdb131.pgm 512 512 125
mdb132.pgm 252 788 52
mdb132.pgm 335 766 18
mdb133.pgm 512 512 125
mdb134.pgm 469 728 49
mdb135.pgm 512 512 125
mdb136.pgm 512 512 125
mdb137.pgm 512 512 125
mdb138.pgm 512 512 125
mdb139.pgm 512 512 125
mdb140.pgm 512 512 125
mdb141.pgm 470 759 29
mdb142.pgm 347 636 26
mdb143.pgm 512 512 125
mdb144.pgm 233 994 29
mdb144.pgm 313 540 27
mdb145.pgm 669 543 49
mdb146.pgm 512 512 125
mdb147.pgm 512 512 125
mdb148.pgm 326 607 174
mdb149.pgm 512 512 125
mdb150.pgm 351 661 62
mdb151.pgm 512 512 125
mdb152.pgm 675 486 48
mdb153.pgm 512 512 125
mdb154.pgm 512 512 125
mdb155.pgm 448 480 95
mdb156.pgm 512 512 125
mdb157.pgm 512 512 125
mdb158.pgm 540 565 88
mdb159.pgm 512 512 125
mdb160.pgm 536 519 61
mdb161.pgm 512 512 125
mdb162.pgm 512 512 125
mdb163.pgm 391 365 50
mdb164.pgm 512 512 125
mdb165.pgm 537 490 42
mdb166.pgm 512 512 125
mdb167.pgm 574 657 35
mdb168.pgm 512 512 125
mdb169.pgm 512 512 125
mdb170.pgm 489 480 82
mdb171.pgm 462 627 62
mdb172.pgm 512 512 125
mdb173.pgm 512 512 125
mdb174.pgm 512 512 125
mdb175.pgm 592 670 33
mdb176.pgm 512 512 125
mdb177.pgm 512 512 125
mdb178.pgm 492 600 70
mdb179.pgm 600 514 67
mdb180.pgm 512 512 125
mdb181.pgm 519 362 54
mdb182.pgm 512 512 125
mdb183.pgm 512 512 125
mdb184.pgm 352 624 114
mdb185.pgm 512 512 125
mdb186.pgm 403 524 47
mdb187.pgm 512 512 125
mdb188.pgm 406 617 61
mdb189.pgm 512 512 125
mdb190.pgm 512 621 31
mdb191.pgm 594 516 41
mdb192.pgm 512 512 125
mdb193.pgm 399 563 132
mdb194.pgm 512 512 125
mdb195.pgm 725 129 26
mdb196.pgm 512 512 125
mdb197.pgm 512 512 125
mdb198.pgm 568 612 93
mdb199.pgm 641 177 31
mdb200.pgm 512 512 125
mdb201.pgm 512 512 125
mdb202.pgm 557 772 37
mdb203.pgm 512 512 125
mdb204.pgm 336 399 21
mdb205.pgm 512 512 125
mdb206.pgm 368 200 17
mdb207.pgm 571 564 19
mdb208.pgm 512 512 125
mdb209.pgm 647 503 87
mdb210.pgm 512 512 125
mdb211.pgm 680 327 13
mdb212.pgm 512 512 125
mdb213.pgm 547 520 45
mdb214.pgm 512 512 125
mdb215.pgm 512 512 125
mdb216.pgm 512 512 125
mdb217.pgm 512 512 125
mdb218.pgm 519 629 8
mdb219.pgm 546 756 29
mdb220.pgm 512 512 125
mdb221.pgm 512 512 125
mdb222.pgm 398 427 17
mdb223.pgm 523 482 29
mdb223.pgm 591 529 6
mdb224.pgm 512 512 125
mdb225.pgm 512 512 125
mdb226.pgm 287 610 7
mdb226.pgm 329 550 25
mdb226.pgm 531 721 8
mdb227.pgm 504 467 9
mdb228.pgm 512 512 125
mdb229.pgm 512 512 125
mdb230.pgm 512 512 125
mdb231.pgm 603 538 44
mdb232.pgm 512 512 125
mdb233.pgm 512 512 125
mdb234.pgm 512 512 125
mdb235.pgm 512 512 125
mdb236.pgm 276 824 14
mdb237.pgm 512 512 125
mdb238.pgm 522 553 17
mdb239.pgm 645 755 40
mdb239.pgm 567 808 25
mdb240.pgm 643 614 23
mdb241.pgm 453 678 38
mdb242.pgm 512 512 125
mdb243.pgm 512 512 125
mdb244.pgm 466 567 52
mdb245.pgm 512 512 125
mdb246.pgm 512 512 125
mdb247.pgm 512 512 125
mdb248.pgm 378 601 10
mdb249.pgm 544 508 48
mdb249.pgm 575 639 64
mdb250.pgm 512 512 125
mdb251.pgm 512 512 125
mdb252.pgm 439 367 23
mdb253.pgm 733 564 28
mdb254.pgm 512 512 125
mdb255.pgm 512 512 125
mdb256.pgm 400 484 37
mdb257.pgm 512 512 125
mdb258.pgm 512 512 125
mdb259.pgm 512 512 125
mdb260.pgm 512 512 125
mdb261.pgm 512 512 125
mdb262.pgm 512 512 125
mdb263.pgm 512 512 125
mdb264.pgm 596 431 36
mdb265.pgm 593 498 60
mdb266.pgm 512 512 125
mdb267.pgm 793 481 56
mdb268.pgm 512 512 125
mdb269.pgm 512 512 125
mdb270.pgm 356 945 72
mdb271.pgm 784 270 68
mdb272.pgm 512 512 125
mdb273.pgm 512 512 125
mdb274.pgm 127 505 123
mdb275.pgm 512 512 125
mdb276.pgm 512 512 125
mdb277.pgm 512 512 125
mdb278.pgm 512 512 125
mdb279.pgm 512 512 125
mdb280.pgm 512 512 125
mdb281.pgm 512 512 125
mdb282.pgm 512 512 125
mdb283.pgm 512 512 125
mdb284.pgm 512 512 125
mdb285.pgm 512 512 125
mdb286.pgm 512 512 125
mdb287.pgm 512 512 125
mdb288.pgm 512 512 125
mdb289.pgm 512 512 125
mdb290.pgm 337 353 45
mdb291.pgm 512 512 125
mdb292.pgm 512 512 125
mdb293.pgm 512 512 125
mdb294.pgm 512 512 125
mdb295.pgm 512 512 125
mdb296.pgm 512 512 125
mdb297.pgm 512 512 125
mdb298.pgm 512 512 125
mdb299.pgm 512 512 125
mdb300.pgm 512 512 125
mdb301.pgm 512 512 125
mdb302.pgm 512 512 125
mdb303.pgm 512 512 125
mdb304.pgm 512 512 125
mdb305.pgm 512 512 125
mdb306.pgm 512 512 125
mdb307.pgm 512 512 125
mdb308.pgm 512 512 125
mdb309.pgm 512 512 125
mdb310.pgm 512 512 125
mdb311.pgm 512 512 125
mdb312.pgm 240 263 20
mdb313.pgm 512 512 125
mdb314.pgm 518 191 39
mdb315.pgm 516 447 93
mdb316.pgm 512 512 125
mdb317.pgm 512 512 125
mdb318.pgm 512 512 125
mdb319.pgm 512 512 125
mdb320.pgm 512 512 125
mdb321.pgm 512 512 125
mdb322.pgm 512 512 125

